0.250000000   1.81702936      0.501340926       1.81753266    
0.250000000   2.07350326      0.686573267       1.93751359    
0.250000000   2.31702328      0.880392492       2.03233743    
0.250000000   2.44175196      0.985825181       2.07470226    
0.250000000   2.56091523       1.08975387       2.11171198    
0.250000000   2.66795135       1.18516076       2.14233184    
0.250000000   2.74388552       1.25366986       2.16267180    
0.250000000   2.78077459       1.28711557       2.17216516    
0.250000000   2.79199314       1.29730213       2.17500401    
0.250000000   2.83469534       1.33612072       2.18560767    
0.250000000   2.91795731       1.41188228       2.20540810    
0.250000000   2.99970961       1.48611557       2.22379446    
0.250000000   3.05662823       1.53756356       2.23602486    
0.250000000   3.12569857       1.59960020       2.25027966    
0.250000000   3.25468159       1.71387434       2.27533722    
0.250000000   3.44135880       1.87454867       2.30851030    
0.250000000   3.65167165       2.04764438       2.34243441    
0.250000000   3.85206056       2.20430660       2.37231112    
0.250000000   4.01753473       2.32773209       2.39579701    
0.250000000   4.13749552       2.41403151       2.41241884    
0.250000000   4.22158384       2.47302032       2.42396283    
0.250000000   4.28838730       2.51904106       2.43310571    
0.250000000   4.35600853       2.56489563       2.44236541    
0.250000000   4.44528008       2.62435675       2.45463109    
0.250000000   4.55848122       2.69809198       2.47032952    
0.250000000   4.66924238       2.76855135       2.48593187    
0.250000000   4.75923252       2.82465315       2.49884272    
0.250000000   4.82593918       2.86561608       2.50857568    
0.250000000   4.87974262       2.89828730       2.51654029    
0.250000000   4.94209194       2.93575358       2.52590847    
0.250000000   5.01693869       2.98019552       2.53736520    
0.250000000   5.09219074       3.02431941       2.54913473    
0.250000000   5.16232347       3.06496429       2.56034970    
0.250000000   5.22538376       3.10113764       2.57064390    
0.250000000   5.27459335       3.12913060       2.57882452    
0.250000000   5.29982424       3.14340639       2.58306932    
0.250000000   5.29893112       3.14290237       2.58291841    
0.250000000   5.27412081       3.12886286       2.57874441    
0.250000000   5.23135185       3.10454297       2.57162976    
10.           5.23135185       3.10454297       2.57162976    
30.           6.24374533       3.64894605       2.77109098
0             8.               4.5              3.3
